###############################################################################
#####     Compute the bivariate probability density function for the CDDM
###############################################################################

#~~~~~~~~~~~~~~~~~~~~~~~~~~~~~~~~~~~~~~~~~~~~~~~~~~~~~~~~~~~~~~~~~~~~~~~~~~~~~
# Part 1: To reduce computation expenses, we define some relevant constants
#~~~~~~~~~~~~~~~~~~~~~~~~~~~~~~~~~~~~~~~~~~~~~~~~~~~~~~~~~~~~~~~~~~~~~~~~~~~~~
j0_over_J1_of_j0 <- c(4.632259e+00, -1.622289e+01,  3.187937e+01, -5.072504e+01,  
                      7.228843e+01, -9.626154e+01,  1.224225e+02, -1.506013e+02,  
                      1.806628e+02, -2.124954e+02,  2.460056e+02, -2.811133e+02,  
                      3.177488e+02, -3.558508e+02,  3.953649e+02, -4.362423e+02,  
                      4.784390e+02, -5.219150e+02,  5.666336e+02, -6.125612e+02,
                      6.596669e+02, -7.079218e+02,  7.572992e+02, -8.077741e+02,  
                      8.593232e+02, -9.119245e+02,  9.655574e+02, -1.020202e+03,  
                      1.075841e+03, -1.132456e+03,  1.190031e+03, -1.248550e+03,  
                      1.307997e+03, -1.368360e+03,  1.429623e+03, -1.491774e+03,  
                      1.554801e+03, -1.618691e+03,  1.683434e+03, -1.749017e+03, 
                      1.815430e+03, -1.882663e+03,  1.950707e+03, -2.019550e+03,
                      2.089186e+03, -2.159604e+03,  2.230795e+03, -2.302752e+03,
                      2.375467e+03, -2.448931e+03)

j0_squared <- c(   5.783185962947,    30.471262343662,    74.887006790695,   139.040284426460,
                 222.932303617634,   326.563352932328,   449.933528518036,   593.042869655955,	
                 755.891394783933,   938.479113475694,  1140.806031099645,  1362.872150854105,	 
                1604.677474740231,  1866.222004061853,  2147.505739697844,  2448.528682258052,
                2769.290832176359,  3109.792189768249,	3470.032755267558,  3850.012528850570,
                4249.731510652210,  4669.189700777160,  5108.387099307649,  5567.323706308981,
                6045.999521833563,  6544.414545923833,	7062.568778614458,  7600.462219933975,
                8158.094869906055,  8735.466728550457,  9332.577795883786,  9949.428071920078,
               10586.017556671255, 11242.346250147502, 11918.414152357564, 12614.221263308977,	
               13329.767583008270, 14065.053111461117, 14820.077848672467, 15594.841794646662,
               16389.344949387512, 17203.587312898377, 18037.568885182227, 18891.289666241712,
               19764.749656079162, 20657.948854696686, 21570.887262096137, 22503.564878279212,
               23455.981703247398, 24428.137737002071)

#~~~~~~~~~~~~~~~~~~~~~~~~~~~~~~~~~~~~~~~~~~~~~~~~~~~~~~~~~~~~~~~~~~~~~~~~~~~~~
#  Define a function to compute bivariate density under CDDM
#~~~~~~~~~~~~~~~~~~~~~~~~~~~~~~~~~~~~~~~~~~~~~~~~~~~~~~~~~~~~~~~~~~~~~~~~~~~~~

# Core function: Compute density for a given pair of Choice x RT
# ~~~~~~~~~~~~~~~~~~~~~~~~~~~~~~~~~~~~~~~~~~~~~~~~~~~~~~~~~~~~~~ #
cddm.pdf <- function(x, drift, theta, tzero, boundary){
  c <- x[1]
  t <- x[2]
  
  inva2 = 1 / (boundary*boundary)
  mu1 = drift*cos(theta)
  mu2 = drift*sin(theta)
  sum = 0
  
  # Equation 22 on Smith (2016)
  for (i in 1:length(j0_squared)) {
    exponand = j0_squared[i] * (t-tzero) * inva2 * -0.5
    sum = sum + exp(exponand) * j0_over_J1_of_j0[i]
  }
  PDF.1 = sum * inva2
  # Equation 23 on Smith (2016)
  PDF.2 = boundary*(mu1*cos(c)+mu2*sin(c));
  PDF.3 = (drift*drift*(t-tzero))*0.5;
  PDF = exp(PDF.2 - PDF.3)*PDF.1
  
  return(PDF)
}

# Main function: Call cddm.pdf for any form of bivariate data
# ~~~~~~~~~~~~~~~~~~~~~~~~~~~~~~~~~~~~~~~~~~~~~~~~~~~~~~~~~~~ #
dCDDM <- function(data,drift,theta,tzero,boundary){
      if(is.vector(data)){
          N <- 1
          pdf <- cddm.pdf(data,drift,theta,tzero,boundary)
      }else{
          N <- nrow(data)
          pdf <- rep(NA, N)
          for(i in 1:N){
            pdf[i] <- cddm.pdf(data[i,],drift,theta,tzero,boundary)
          }
      }
  return(pdf)
}

#  Test function
# ~~~~~~~~~~~~~~~~~ #
if(!exists("test")){  test <- TRUE     }
if(test){
  n <- 10
  A <- runif(n, 0, 2*pi)
  B <- rexp(n,2)
  data <- cbind(A,B)
  drift <- 1
  theta <- pi
  tzero <- 0.1
  boundary <- 7
  dCDDM(data, drift, theta, tzero, boundary)      # Try whole matrix
  dCDDM(data[1,], drift, theta, tzero, boundary)  # Try first row
}